0.011,0.01,0.01,0.009,0.011,0.009,0.01,0.007,0.007,0.01,  
128
0.012,0.009,0.01,0.012,0.012,0.01,0.009,0.01,0.008,0.009,  
192
0.014,0.012,0.014,0.014,0.017,0.015,0.013,0.011,0.018,0.009,  
256
0.018,0.016,0.017,0.015,0.015,0.014,0.015,0.014,0.011,0.014,  
320
0.018,0.022,0.018,0.018,0.016,0.014,0.022,0.015,0.015,0.017,  
384
0.024,0.026,0.026,0.025,0.043,0.021,0.02,0.02,0.02,0.019,  
448
0.031,0.032,0.033,0.028,0.028,0.025,0.026,0.026,0.029,0.03,  
512
0.039,0.034,0.036,0.029,0.031,0.03,0.031,0.032,0.028,0.028,  
576
0.048,0.045,0.045,0.039,0.04,0.037,0.038,0.036,0.035,0.035,  
640
0.094,0.051,0.053,0.052,0.05,0.048,0.045,0.045,0.048,0.046,  
704
0.071,0.065,0.063,0.06,0.071,0.061,0.07,0.057,0.056,0.056,  
768
0.082,0.084,0.077,0.075,0.075,0.077,0.076,0.071,0.074,0.073,  
832
0.103,0.097,0.097,0.092,0.091,0.089,0.088,0.095,0.09,0.094,  
896
0.115,0.122,0.109,0.11,0.111,0.106,0.107,0.107,0.107,0.113,  
960
0.133,0.137,0.145,0.133,0.129,0.131,0.127,0.132,0.142,0.13,  
1024
0.171,0.169,0.166,0.158,0.16,0.17,0.162,0.165,0.162,0.163,  
1088
0.195,0.196,0.193,0.185,0.191,0.192,0.199,0.193,0.197,0.195,  
1152
0.27,0.261,0.256,0.254,0.254,0.257,0.267,0.258,0.275,0.257,  
1280
0.327,0.301,0.3,0.297,0.312,0.304,0.312,0.302,0.3,0.302,  
1344
0.366,0.338,0.34,0.356,0.351,0.341,0.348,0.363,0.348,0.348,  
1408
0.396,0.391,0.383,0.394,0.387,0.386,0.396,0.392,0.388,0.388,  
1472
0.435,0.441,0.453,0.446,0.441,0.447,0.434,0.447,0.448,0.445,  
1536
0.494,0.502,0.505,0.508,0.504,0.503,0.506,0.498,0.491,0.506,  
1600
0.584,0.554,0.571,0.587,0.565,0.565,0.566,0.564,0.577,0.563,  
1664
0.624,0.622,0.734,0.629,0.639,0.642,0.636,0.628,0.633,0.633,  
1728
0.714,0.682,0.699,0.707,0.696,0.692,0.763,0.733,0.692,0.69,  
1792
0.779,0.785,0.767,0.78,0.785,0.775,0.782,0.799,0.778,0.785,  
1856
0.855,0.849,0.848,0.848,0.854,0.864,0.856,0.841,0.852,0.862,  
1920
0.94,0.935,0.936,0.933,0.935,0.939,0.956,0.933,0.932,0.936,  
1984
1.032,1.02,1.026,1.023,1.034,1.029,1.024,1.03,1.025,1.034,  
2048
1.14,1.152,1.143,1.236,1.16,1.225,1.158,1.144,1.142,1.148,  

