0.1,0.004,0.002,0.002,0.005,0.002,0.005,0.003,0.002,0.005,  
128
0.113,0.006,0.006,0.005,0.007,0.004,0.003,0.008,0.004,0.005,  
192
0.115,0.01,0.013,0.009,0.01,0.01,0.005,0.009,0.01,0.006,  
256
0.147,0.019,0.019,0.027,0.016,0.005,0.01,0.005,0.006,0.012,  
320
0.168,0.024,0.007,0.021,0.023,0.023,0.01,0.009,0.01,0.004,  
384
0.186,0.045,0.05,0.027,0.034,0.024,0.012,0.01,0.011,0.021,  
448
0.192,0.055,0.032,0.033,0.025,0.024,0.021,0.022,0.024,0.033,  
512
0.165,0.096,0.031,0.022,0.027,0.041,0.043,0.04,0.045,0.014,  
576
0.194,0.041,0.104,0.054,0.098,0.044,0.031,0.114,0.071,0.065,  
640
0.285,0.025,0.1,0.104,0.026,0.068,0.04,0.069,0.097,0.042,  
704
0.257,0.082,0.102,0.049,0.255,0.157,0.021,0.059,0.109,0.143,  
768
0.349,0.099,0.07,0.279,0.154,0.104,0.11,0.4,0.09,0.199,  
832
0.226,0.153,0.516,0.087,0.244,0.191,0.121,0.212,0.509,0.289,  
896
0.407,0.216,0.123,0.28,0.146,0.388,0.157,0.204,0.194,0.236,  
960
0.411,0.284,0.445,0.223,0.468,0.252,0.146,0.563,0.374,0.221,  
1024
0.626,1.046,0.062,0.755,0.726,0.266,0.331,1.303,0.344,0.041,  
1088
0.353,0.354,1.089,0.268,0.527,0.39,0.465,0.336,0.185,0.334,  
1152
0.801,1.104,0.941,0.997,0.112,0.307,1.079,1.628,2.33,0.655,  
1280
0.897,1.38,1.113,0.89,0.506,0.314,0.54,0.682,0.601,0.433,  
1344
0.63,1.034,2.688,0.232,0.206,0.709,0.629,2.374,0.471,0.948,  
1408
0.626,1.354,0.492,1.789,1.204,0.93,0.657,0.559,0.301,0.459,  
1472
2.316,1.84,0.78,1.942,2.065,2.472,4.552,3.513,1.511,1.632,  
1536
2.753,2.012,4.233,0.873,5.013,0.676,1.767,2.591,2.296,5.23,  
1600
3.631,3.79,2.537,2.428,4.983,1.065,0.416,3.114,3.339,2.118,  
1664
4.138,3.098,1.362,1.718,3.77,2.236,1.935,3.07,5.158,4.454,  
1728
4.222,5.348,2.804,2.851,6.474,4.624,1.585,3.602,2.316,1.819,  
1792
10.744,1.144,2.672,4.817,6.236,6.376,1.57,1.297,1.862,1.168,  
1856
4.086,0.76,3.269,0.658,8.413,2.38,6.135,4.041,4.65,1.958,  
1920
4.287,1.203,3.924,4.486,1.254,1.733,1.419,1.792,1.41,2.022,  
1984
5.812,7.173,2.258,1.022,1.319,1.9,10.074,1.505,2.753,9.295,  
2048
3.434,5.131,6.285,5.285,7.772,0.424,4.932,8.912,2.745,7.048,  

