0.013,0.015,0.009,0.012,0.009,0.011,0.007,0.009,0.01,0.009,  
128
0.013,0.012,0.011,0.009,0.009,0.011,0.01,0.008,0.009,0.01,  
192
0.014,0.012,0.012,0.013,0.011,0.011,0.01,0.009,0.009,0.019,  
256
0.012,0.019,0.013,0.01,0.014,0.01,0.008,0.011,0.02,0.007,  
320
0.015,0.013,0.012,0.01,0.01,0.01,0.008,0.008,0.007,0.009,  
384
0.015,0.022,0.012,0.011,0.011,0.006,0.01,0.008,0.01,0.011,  
448
0.016,0.014,0.016,0.01,0.01,0.011,0.008,0.009,0.012,0.01,  
512
0.019,0.01,0.009,0.012,0.01,0.009,0.01,0.009,0.008,0.008,  
576
0.017,0.014,0.011,0.013,0.011,0.01,0.009,0.008,0.008,0.009,  
640
0.018,0.012,0.012,0.01,0.01,0.01,0.015,0.008,0.007,0.008,  
704
0.02,0.035,0.01,0.01,0.011,0.009,0.009,0.009,0.008,0.01,  
768
0.014,0.01,0.012,0.009,0.009,0.008,0.01,0.008,0.008,0.007,  
832
0.021,0.011,0.018,0.013,0.009,0.009,0.008,0.009,0.008,0.006,  
896
0.018,0.011,0.01,0.011,0.009,0.009,0.009,0.008,0.008,0.006,  
960
0.016,0.013,0.01,0.009,0.009,0.01,0.009,0.008,0.008,0.008,  
1024
0.015,0.01,0.012,0.01,0.01,0.008,0.01,0.007,0.008,0.008,  
1088
0.02,0.013,0.01,0.009,0.011,0.008,0.008,0.009,0.008,0.008,  
1152
0.018,0.011,0.01,0.011,0.009,0.01,0.011,0.007,0.009,0.007,  
1280
0.016,0.014,0.011,0.013,0.01,0.008,0.009,0.008,0.007,0.008,  
1344
0.021,0.013,0.009,0.039,0.01,0.008,0.01,0.014,0.009,0.008,  
1408
0.014,0.012,0.013,0.01,0.008,0.009,0.01,0.008,0.008,0.007,  
1472
0.019,0.013,0.011,0.009,0.01,0.011,0.01,0.008,0.008,0.009,  
1536
0.013,0.017,0.01,0.012,0.009,0.009,0.008,0.009,0.01,0.009,  
1600
0.017,0.012,0.01,0.012,0.009,0.008,0.008,0.008,0.008,0.009,  
1664
0.014,0.01,0.009,0.011,0.011,0.012,0.008,0.008,0.008,0.008,  
1728
0.019,0.011,0.013,0.01,0.01,0.01,0.01,0.009,0.01,0.01,  
1792
0.018,0.011,0.008,0.012,0.011,0.008,0.009,0.008,0.007,0.009,  
1856
0.016,0.011,0.01,0.01,0.013,0.012,0.009,0.009,0.01,0.007,  
1920
0.016,0.011,0.01,0.01,0.009,0.012,0.008,0.008,0.008,0.007,  
1984
0.014,0.01,0.01,0.01,0.011,0.009,0.009,0.01,0.008,0.009,  
2048
0.016,0.012,0.012,0.013,0.012,0.011,0.012,0.009,0.009,0.008,  

