1447579093691264457480150138008993
18002008221679864054674672045980663474023558695497995307981026877542267070812906681691065400285761876008656411767524097940684594509922629789843371194582197226841753550088822289680122930839620677234280280361073597530982077507697285853903125
18557009542149058023798994103597799724304767724360243748461427176782638144992707956792975536665555588908219805781179696263768368498101561418532607422524265475515114212303853553289270852469141081033634776302187507576488284562401
18811130585169933425036711095269945665266990701534536663239785778875775224838301432185341346873087217992008152734296846252997427923719370235030193276513077070867791610627120407548914467164256965319441803232094551571456276163949012881140757
7812561226631272005033783479975145709600906304086149168965315065304623795963923423270432079844681875110553592838123719385968900716324070639819209012962791565798721139673028358810308765737290937806138459795408783871320936953154896597304577688090354657
28912037954640003271686309097763508704086833754494292363525291838325145073524995030049562343747956804729520967016374508114770420887190201083537358847769854461899809338720412854046763650173992673309870036587407838951758717419039102519419778346778703454913251665142034619469793
26873274768368884825353950736747169413119879214881163891635436969734427725301504072407356986307098786805282085249384333242863970430310450337861929896433233380736230282866189659312601518420978540367350478648165672475330070842850350800193225147075717949
13974917540499787214902162644239251582165191075706134816831627843028461182824215309498515857083872701667844472623054449392372008830645309921488998550282794504362676156047212032018596742820556081613608349144870686925804790820488648303682834737275161644678604055504432834975549
7247130694302930926160231637221283126147333838478296439972720824223739429727126451940837288210730395636482582715425783980444122853749154863930089343303317854405043684460470363536429986829645145431409360842155735473589607509206627562482493
34952509181042432266353662705576099166969439825082095526514797223651255464049662290108911736912978834337767265069912699478882124069029110571676958557003234053094107762951769068482251372667162787752036011065463878370126112812321290659443547897800558862696971197884113141299312604786921875453674924257
7813304366626605591693096583378643105757603387744088656727081308435380043407928063738108738833707021215695863984096181780309026192975420059321991669614673317518528867991956125275355729022010204609388268505918387544123123566649820477393730005131945749
25003798852868840433458447814315713248404977222730964859482974274129320983618543687892816793401713195495193833649907762735133865567907086595153105818127494049592495839479705812825317232682908596031246306000217369250922343467229761418401977697888115823560853727259599291023893
20682877017704726206110671740578318433182426622231273277571715076471129230726421669792378530941101025281606310489347395780120588378051137220089343025345313402171975604947408304159160073009513220060256554618651337554691942696004366615023487626432833301
20901482582832473801355594451410554916823566455511996231038237897504302762174994384026591132518891703187005351886991743611418045837895681581206953738641617767737749925668126259361175289024431463265422144518633283052160775744733099832239156243345056599552966393452632928536180564164876387211362500881553381531409920090323806638985754593
23928773493636414358778743802144151474562555313054770750352122192218425000527068073539941191471664257118355197708698823660137944388108626549431110255097676658611081788937067076824077770833559960755683711066372098713405052378618778648921122253303778936573613536458065943590625
43614020398491761825944095978164851146853076799316125994629445145600279978587370445870305858264837886031556441086757395200895001904432036049486101758795947365243973122758661177909621762410158559455134864888014949073279938740589881206207788807895035516930413543107033876625590678461550203719156686990968646761560961979269586496378652207
25003438540303916363253493571992452192400059400650892535202458727829863595091430767446708001275120208918361790408856381012888619028763648697526042500891618902098437173345661512188956241241994514577055797681227564701620490650233937452692599095875294692623850321741531261957857
18002008221679864054674672045980663474023558695497995307981026877542267070812906681691065400285761876008656411767524097940684594509922629789843371194582197226841753550088822289680122930839620677234280280361073597530982077507697285853903125
18557009542149058023798994103597799724304767724360243748461427176782638144992707956792975536665555588908219805781179696263768368498101561418532607422524265475515114212303853553289270852469141081033634776302187507576488284562401
18811130585169933425036711095269945665266990701534536663239785778875775224838301432185341346873087217992008152734296846252997427923719370235030193276513077070867791610627120407548914467164256965319441803232094551571456276163949012881140757
7812561226631272005033783479975145709600906304086149168965315065304623795963923423270432079844681875110553592838123719385968900716324070639819209012962791565798721139673028358810308765737290937806138459795408783871320936953154896597304577688090354657
28912037954640003271686309097763508704086833754494292363525291838325145073524995030049562343747956804729520967016374508114770420887190201083537358847769854461899809338720412854046763650173992673309870036587407838951758717419039102519419778346778703454913251665142034619469793
26873274768368884825353950736747169413119879214881163891635436969734427725301504072407356986307098786805282085249384333242863970430310450337861929896433233380736230282866189659312601518420978540367350478648165672475330070842850350800193225147075717949
13974917540499787214902162644239251582165191075706134816831627843028461182824215309498515857083872701667844472623054449392372008830645309921488998550282794504362676156047212032018596742820556081613608349144870686925804790820488648303682834737275161644678604055504432834975549
7247130694302930926160231637221283126147333838478296439972720824223739429727126451940837288210730395636482582715425783980444122853749154863930089343303317854405043684460470363536429986829645145431409360842155735473589607509206627562482493
34952509181042432266353662705576099166969439825082095526514797223651255464049662290108911736912978834337767265069912699478882124069029110571676958557003234053094107762951769068482251372667162787752036011065463878370126112812321290659443547897800558862696971197884113141299312604786921875453674924257
7813304366626605591693096583378643105757603387744088656727081308435380043407928063738108738833707021215695863984096181780309026192975420059321991669614673317518528867991956125275355729022010204609388268505918387544123123566649820477393730005131945749
25003798852868840433458447814315713248404977222730964859482974274129320983618543687892816793401713195495193833649907762735133865567907086595153105818127494049592495839479705812825317232682908596031246306000217369250922343467229761418401977697888115823560853727259599291023893
20682877017704726206110671740578318433182426622231273277571715076471129230726421669792378530941101025281606310489347395780120588378051137220089343025345313402171975604947408304159160073009513220060256554618651337554691942696004366615023487626432833301
20901482582832473801355594451410554916823566455511996231038237897504302762174994384026591132518891703187005351886991743611418045837895681581206953738641617767737749925668126259361175289024431463265422144518633283052160775744733099832239156243345056599552966393452632928536180564164876387211362500881553381531409920090323806638985754593
23928773493636414358778743802144151474562555313054770750352122192218425000527068073539941191471664257118355197708698823660137944388108626549431110255097676658611081788937067076824077770833559960755683711066372098713405052378618778648921122253303778936573613536458065943590625
43614020398491761825944095978164851146853076799316125994629445145600279978587370445870305858264837886031556441086757395200895001904432036049486101758795947365243973122758661177909621762410158559455134864888014949073279938740589881206207788807895035516930413543107033876625590678461550203719156686990968646761560961979269586496378652207
25003438540303916363253493571992452192400059400650892535202458727829863595091430767446708001275120208918361790408856381012888619028763648697526042500891618902098437173345661512188956241241994514577055797681227564701620490650233937452692599095875294692623850321741531261957857
43614020398491761825944095978164851146853076799316125994629445145600279978587370445870305858264837886031556441086757395200895001904432036049486101758795947365243973122758661177909621762410158559455134864888014949073279938740589881206207788807895035516930413543107033876625590678461550203719156686990968646761560961979269586496378652207
25003438540303916363253493571992452192400059400650892535202458727829863595091430767446708001275120208918361790408856381012888619028763648697526042500891618902098437173345661512188956241241994514577055797681227564701620490650233937452692599095875294692623850321741531261957857
43614020398491761825944095978164851146853076799316125994629445145600279978587370445870305858264837886031556441086757395200895001904432036049486101758795947365243973122758661177909621762410158559455134864888014949073279938740589881206207788807895035516930413543107033876625590678461550203719156686990968646761560961979269586496378652207
25003438540303916363253493571992452192400059400650892535202458727829863595091430767446708001275120208918361790408856381012888619028763648697526042500891618902098437173345661512188956241241994514577055797681227564701620490650233937452692599095875294692623850321741531261957857
